 0 0 0 0 0
 0 0 0 0 0
 0 0 0 0 0
 0 0 0 0 0
 0 0 0 0 0
 0 0 3 -1 0
 0 -7 8 -5 0
 -2 -29 13 -4 0
 8 -34 8 -6 0
 9 -39 14 -10 0
 17 -38 14 -1 0
 13 -15 -3 -2 0
 5 3 -2 -2 0
 -2 3 2 -3 0
 2 0 2 0 0
 -1 -1 0 -1 0
 0 3 -2 3 0
 -1 0 -1 6 0
 1 1 2 -1 0
 1 0 3 -4 0
 0 -3 0 -3 0
 1 -1 1 3 0
 5 6 -6 -10 0
 -2 -12 5 8 0
 6 12 4 -6 0
 -3 -6 -3 6 0
 3 5 1 -2 0
 0 3 3 0 0
 -5 0 -4 0 0
 -3 -1 0 2 0
 2 -2 -3 -1 0
 1 -7 -6 -2 0
 -4 -4 1 0 0
 1 -3 3 1 0
 2 0 0 4 0
 -2 2 1 1 0
 -1 2 2 0 0
 -1 1 -4 1 0
 0 -1 -1 1 0
 4 -1 -1 0 0
 0 2 -6 -2 0
 1 1 -1 3 0
 2 -1 2 0 0
 4 3 0 1 0
 -5 0 2 2 0
 2 2 3 0 0
 1 -1 -1 4 0
 1 -2 0 -2 0
 0 4 -5 -2 0
 4 -1 -1 -2 0
 -4 -2 2 -2 0
 2 -5 -1 -2 0
 1 -3 0 1 0
 -1 -1 -1 0 0
 0 0 3 3 0
 -1 -1 -3 -4 0
 -2 4 2 1 0
 -3 -2 0 1 0
 1 1 0 -1 0
 0 -2 -3 -4 0
 -1 2 4 2 0
 -2 0 1 0 0
 -1 -1 -3 2 0
 0 -4 -2 -4 0
 -2 -3 1 0 0
 -4 0 3 -4 0
 -5 -2 3 -1 0
 -1 -3 3 -1 0
 -4 -2 2 3 0
 -2 3 2 1 0
 3 0 -2 0 0
 -3 1 -2 2 0
 -2 1 -3 -2 0
 1 1 3 5 0
 -2 -3 2 -1 0
 3 1 0 2 0
 -2 -4 0 -3 0
 1 3 3 0 0
 -2 1 1 2 0
 1 3 -3 -1 0
 0 7 -1 -1 0
 -2 -3 -1 3 0
 -4 3 -1 -1 0
 -5 0 -1 -4 0
 0 1 0 -1 0
 -3 1 -1 0 0
 4 -1 -1 -2 0
 0 0 1 -1 0
 6 -3 -1 1 0
 1 2 -3 0 0
 1 -1 1 -2 0
 -1 -1 -4 1 0
 -1 1 0 -5 0
 -2 -2 -3 4 0
 -1 -3 -2 -1 0
 -3 -1 -2 3 0
 -4 -2 -2 1 0
 0 0 0 0 0
 -1 1 -1 0 0
 2 -3 0 3 0
 -6 -3 1 3 0
 -1 3 1 1 0
 -3 0 2 3 0
 2 1 1 -1 0
 -2 4 2 -1 0
 3 -2 0 -2 0
 0 -3 5 2 0
 1 -6 3 5 0
 2 -2 2 2 0
 6 -1 2 2 0
 0 0 -5 2 0
 1 -3 -1 -1 0
 -4 -1 1 0 0
 5 0 4 0 0
 -3 1 2 -4 0
 -1 -2 2 1 0
 2 -1 -3 -2 0
 2 2 2 -1 0
 -2 0 3 3 0
 0 -3 -4 3 0
 -1 2 -2 -1 0
 -3 3 4 1 0
 0 1 1 1 0
 -4 3 -1 -1 0
 -2 0 0 3 0
 2 -1 0 3 0
 3 -1 -3 1 0
 1 -2 2 2 0
 0 -3 0 2 0
 -5 3 8 3 0
 2 -1 -1 -1 0
 1 1 -1 2 0
 -1 0 2 -2 0
 1 3 2 0 0
 0 0 1 3 0
 -3 -2 0 1 0
 -1 -1 2 0 0
 5 2 -4 1 0
 7 -3 -3 2 0
 2 1 1 -1 0
 2 -1 -1 1 0
 0 1 3 -1 0
 -1 -2 5 -1 0
 -2 -4 7 -1 0
 -3 -2 0 0 0
 1 -2 3 -1 0
 0 1 -2 0 0
 2 -1 -3 -1 0
 -1 1 -1 1 0
 0 0 4 1 0
 -2 1 6 2 0
 1 -2 -7 3 0
 -1 -3 3 1 0
 -2 -2 1 0 0
 5 -1 3 0 0
 -1 -3 -4 1 0
 0 -1 -5 -1 0
 -5 0 2 4 0
 0 -3 1 1 0
 0 -2 7 -5 0
 -1 1 2 -3 0
 0 -5 2 2 0
 0 -2 5 1 0
 3 -1 4 1 0
 1 0 3 -4 0
 2 2 1 -3 0
 1 0 0 -1 0
 0 1 2 -2 0
 -2 3 1 1 0
 3 -1 -2 -2 0
 1 2 0 -1 0
 0 -1 1 1 0
 0 -1 0 2 0
 -2 -3 1 7 0
 0 -1 2 1 0
 -1 2 0 2 0
 2 2 2 -2 0
 0 7 6 -2 0
 3 -1 1 1 0
 4 -1 -1 -1 0
 1 0 1 0 0
 -2 2 5 -2 0
 -4 1 2 3 0
 1 5 3 -3 0
 0 7 -2 -3 0
 2 4 0 -3 0
 0 -2 -5 -2 0
 1 1 -3 -1 0
 -4 -4 0 2 0
 -3 0 0 -1 0
 5 -3 -3 2 0
 1 0 1 -1 0
 0 1 2 -3 0
 1 3 2 -2 0
 1 0 8 -3 0
 0 -4 -1 1 0
 2 -1 0 3 0
 1 1 1 1 0
 3 2 1 0 0
 1 2 -3 0 0
 0 2 2 0 0
 0 3 1 2 0
 1 3 1 2 0
 0 4 -1 -2 0
 2 1 -4 1 0
 2 -1 1 1 0
 -1 2 0 -4 0
 3 -4 -2 -2 0
 -3 -2 1 0 0
 1 -2 2 1 0
 0 -2 -1 2 0
 -2 1 2 4 0
 -2 -3 3 -1 0
 0 2 5 1 0
 -1 -3 3 1 0
 -1 -5 -1 0 0
 -1 -1 -1 4 0
 -2 -1 3 3 0
 2 2 4 1 0
 -1 -2 3 -1 0
 2 -3 3 3 0
 3 -5 1 1 0
 6 -3 1 1 0
 -2 -2 2 -4 0
 0 3 -3 -2 0
 -1 1 2 0 0
 -1 0 2 -1 0
 -1 -3 1 1 0
 0 0 0 3 0
 -2 -2 2 4 0
 -3 0 3 2 0
 -4 2 5 0 0
 0 0 -3 -2 0
 5 4 -2 0 0
 2 -2 -4 1 0
 1 2 -3 1 0
 2 0 -4 1 0
 1 4 0 2 0
 -1 -2 4 1 0
 2 -2 2 2 0
 -1 -3 3 2 0
 1 5 -5 4 0
 2 -2 3 4 0
 -1 0 1 -5 0
 3 1 -1 3 0
 -1 -3 0 -1 0
 -3 3 2 2 0
 -2 1 2 0 0
 1 1 1 2 0
 0 1 -1 2 0
 3 -3 0 2 0
 1 1 1 2 0
 4 -6 -1 4 0
 2 -2 -2 4 0
 2 0 -1 5 0
 1 -3 0 -1 0
 1 1 2 2 0
 3 2 -4 -2 0
 0 4 -3 -3 0
 2 -2 -3 -3 0
 4 2 -1 -2 0
 2 1 1 2 0
 1 -2 4 2 0
 -2 0 1 -2 0
 2 0 -2 -1 0
 -1 1 3 1 0
 0 0 -1 -7 0
 1 1 -2 -3 0
 -3 -5 -1 0 0
 0 1 -2 -5 0
 0 0 -3 -1 0
 0 0 0 0 1
 0 0 0 0 1
 0 0 0 0 1
 0 0 0 0 1
 0 0 0 0 1
 0 0 0 0 1
 11 -5 -3 -13 1
 40 -27 -14 -47 1
 45 -32 -16 -44 1
 47 -22 -14 -52 1
 53 -27 -10 -52 1
 32 -15 2 -32 1
 0 0 0 -2 1
 0 1 1 1 1
 1 -2 2 0 1
 2 -2 0 -1 1
 5 -2 -3 1 1
 -3 1 1 1 1
 -2 0 -1 -1 1
 -1 -4 -5 0 1
 0 2 -4 -1 1
 -2 3 -3 2 1
 0 6 -1 6 1
 -8 -13 -8 -13 1
 5 17 5 20 1
 -1 -20 2 -1 1
 6 11 -3 -10 1
 0 2 -2 7 1
 0 -4 -6 -2 1
 0 6 -1 5 1
 -1 -3 2 -2 1
 -1 6 -3 -2 1
 1 -3 0 2 1
 1 0 2 -6 1
 -2 1 4 -6 1
 1 12 -1 4 1
 0 -14 1 6 1
 1 8 2 -9 1
 4 -3 -4 9 1
 3 -5 -2 -9 1
 1 6 -2 2 1
 0 0 3 -8 1
 3 12 -2 6 1
 -1 -8 -4 5 1
 2 -2 1 -3 1
 -2 4 1 -5 1
 -2 3 0 8 1
 0 -10 -3 -10 1
 2 15 1 3 1
 2 -14 3 6 1
 -2 10 2 -11 1
 -2 -2 -1 15 1
 -2 -3 1 -12 1
 -1 11 -2 8 1
 3 -8 -3 3 1
 3 6 -4 6 1
 7 -7 -1 -3 1
 1 13 2 2 1
 0 -14 1 2 1
 1 14 0 -9 1
 4 -9 2 9 1
 4 10 1 -20 1
 0 3 -1 14 1
 -1 -10 -6 -14 1
 -3 11 -4 5 1
 0 -6 -4 -5 1
 3 8 0 1 1
 3 -9 -2 -5 1
 -1 6 2 3 1
 0 -2 1 1 1
 -2 -3 1 1 1
 -6 3 -3 -4 1
 0 -5 -1 7 1
 -2 0 0 -2 1
 -3 -3 -1 -2 1
 0 7 -2 7 1
 -2 -13 1 -3 1
 -1 17 -1 -3 1
 -4 -9 -1 7 1
 -3 7 0 -6 1
 -3 2 1 7 1
 3 7 -1 3 1
 -4 -1 -1 1 1
 0 11 -4 -1 1
 -2 -1 2 8 1
 -1 -5 0 -4 1
 1 7 0 -8 1
 -2 -4 0 6 1
 -1 1 -2 -12 1
 -1 1 -3 16 1
 2 -4 -5 -13 1
 2 10 0 14 1
 4 -14 0 -6 1
 1 18 0 4 1
 -3 -10 -2 2 1
 -3 5 0 0 1
 -2 -5 0 -9 1
 3 3 2 5 1
 -1 -8 2 -13 1
 -3 7 0 8 1
 -3 -11 2 -10 1
 -3 15 1 8 1
 1 -16 0 -3 1
 3 18 3 1 1
 -1 -20 3 4 1
 3 15 4 -11 1
 -1 -14 0 13 1
 -2 5 -1 -15 1
 -3 -2 0 13 1
 0 3 2 -6 1
 1 -2 2 0 1
 -1 6 2 -2 1
 0 -11 0 6 1
 1 3 1 -8 1
 1 4 3 4 1
 -3 -9 1 1 1
 -1 8 -3 -8 1
 1 -7 -2 14 1
 -1 3 1 -18 1
 3 -2 3 13 1
 -5 0 2 -5 1
 1 -2 0 3 1
 -1 8 3 4 1
 3 -9 2 2 1
 0 9 0 0 1
 1 3 0 7 1
 -1 -8 1 -3 1
 -3 9 -1 3 1
 -1 -16 -1 2 1
 2 11 -3 -9 1
 1 -10 -2 7 1
 -5 12 1 -10 1
 -5 -10 -2 17 1
 1 5 -2 -14 1
 4 -1 -1 11 1
 1 -1 -6 -9 1
 3 -2 4 -2 1
 -3 10 -2 4 1
 5 -8 0 -6 1
 0 14 0 10 1
 2 -13 -4 -3 1
 6 13 4 3 1
 -4 -18 4 2 1
 3 19 -4 -1 1
 0 -15 1 4 1
 5 10 2 -9 1
 0 -2 1 -1 1
 -2 6 -2 1 1
 -3 -4 1 -9 1
 0 7 0 8 1
 2 -5 -4 5 1
 2 0 3 -6 1
 -2 4 -2 6 1
 6 -5 3 -2 1
 -2 0 -2 -3 1
 -2 5 -2 9 1
 -1 -12 -5 -9 1
 -1 18 0 -1 1
 3 -15 1 -3 1
 3 13 4 -5 1
 -3 -4 4 1 1
 -2 2 4 -1 1
 -1 3 1 -4 1
 2 -1 -1 7 1
 -1 -3 1 -3 1
 1 4 0 1 1
 4 -9 -1 6 1
 2 4 0 -12 1
 -4 -1 -4 17 1
 -1 -1 -2 -13 1
 -4 0 0 16 1
 0 -6 -2 -19 1
 1 4 3 18 1
 1 -10 0 -14 1
 4 8 0 9 1
 -1 -6 -2 -4 1
 -2 -3 -1 1 1
 -2 7 -2 -1 1
 -3 -12 3 4 1
 -1 9 2 0 1
 -1 -17 2 2 1
 0 14 2 -6 1
 2 -14 4 5 1
 -1 13 0 -4 1
 -1 -15 -3 7 1
 3 7 -1 -7 1
 3 -6 -2 5 1
 3 6 -2 -1 1
 -3 0 1 0 1
 1 5 1 -2 1
 1 -4 1 4 1
 0 -9 2 -4 1
 -1 -1 -1 5 1
 0 -3 5 0 1
 -2 0 6 -2 1
 -2 1 4 3 1
 0 -10 1 -6 1
 2 12 0 1 1
 6 -14 -1 -4 1
 1 12 -2 -6 1
 -3 0 2 2 1
 -3 3 3 -1 1
 -2 4 -1 -5 1
 2 -3 -2 5 1
 4 -7 0 -6 1
 0 5 2 0 1
 1 -6 0 8 1
 -1 9 0 -8 1
 -3 -5 1 16 1
 -2 2 -1 -17 1
 -1 -2 2 18 1
 2 -1 -4 -17 1
 0 4 5 19 1
 -2 -10 2 -13 1
 3 5 0 8 1
 2 -4 0 -1 1
 -2 0 3 4 1
 -4 5 -1 3 1
 -3 -14 0 -4 1
 -5 6 -4 -1 1
 0 -15 0 -4 1
 -2 19 5 0 1
 1 -16 -1 2 1
 4 15 0 -4 1
 2 -15 -1 5 1
 5 9 -2 -6 1
 -1 -3 -2 5 1
 2 2 0 3 1
 1 -3 -2 -3 1
 -1 5 0 2 1
 0 -7 -2 2 1
 1 -2 1 -10 1
 -3 1 -1 0 1
 1 -4 1 -3 1
 -3 1 -1 -8 1
 -2 3 -1 7 1
 -7 -15 -3 -10 1
 1 10 -1 2 1
 0 -16 -2 -4 1
 2 12 -2 -1 1
 2 -10 -1 3 1
 0 4 -1 0 1
 1 1 -1 -2 1
 0 -2 1 7 1
 2 -6 -1 -2 1
 -1 7 4 -2 1
 -1 -2 -4 5 1
 -1 6 -3 -11 1
 2 2 -1 12 1
 0 0 2 -12 1
 -1 -2 0 16 1
 -4 -4 0 -17 1
 0 5 -1 20 1
 5 -8 0 -13 1
 4 10 4 11 1
 0 -5 -1 -3 1
 -1 -6 -1 3 1
 -3 4 -1 -3 1
 1 -12 -2 6 1
 1 6 -2 -7 1
 -1 -13 1 5 1
 -5 10 2 -9 1
 -4 -14 -1 6 1
