798	114	113	2
651	93	73	1
707	101	103	2
931	133	138	1
742	106	82	1
714	102	124	2
462	66	140	2
1421	203	101	1
1064	152	156	2
1071	153	107	1
882	126	101	2
882	126	102	1
609	87	84	1
1526	218	94	1
798	114	115	1
756	108	132	1
861	123	106	1
1148	164	198	1
819	117	70	2
1197	171	102	2
567	81	56	1
910	130	134	1
791	113	99	1
560	80	134	1
707	101	120	2
931	133	134	1
854	122	124	1
665	95	78	2
1036	148	95	2
931	133	89	1
763	109	112	2
812	116	71	2
861	123	110	1
1078	154	199	1
812	116	113	1
630	90	96	1
966	138	88	1
616	88	92	2
532	76	183	2
721	103	101	1
791	113	101	1
567	81	97	2
742	106	77	2
560	80	105	2
1239	177	133	1
693	99	93	1
693	99	50	2
504	72	76	1
833	119	169	1
861	123	109	2
819	117	108	1
1015	145	104	2
553	79	162	2
840	120	84	2
1183	169	167	2
1547	221	132	2
889	127	125	2
700	100	88	2
1176	168	114	1
1099	157	114	2
497	71	99	2
707	101	55	1
721	103	167	2
1351	193	101	2
868	124	87	2
798	114	158	2
728	104	117	1
952	136	84	2
672	96	91	1
1645	235	104	1
819	117	170	2
1302	186	142	2
749	107	109	1
756	108	67	1
581	83	103	1
1071	153	96	1
1120	160	63	1
917	131	122	1
756	108	123	2
434	62	126	2
826	118	97	1
735	105	46	2
714	102	130	2
1547	221	131	2
875	125	116	2
1295	185	101	1
889	127	95	2
749	107	123	2
1162	166	162	2
1190	170	85	1
826	118	144	1
763	109	103	2
1106	158	183	2
1197	171	133	1
1085	155	103	1
875	125	108	2
1505	215	70	2
1078	154	106	1
791	113	108	2
721	103	121	2
686	98	100	1
896	128	104	2
770	110	52	1
728	104	101	2
798	114	70	2
714	102	72	2
721	103	119	2
756	108	100	1
952	136	123	2
518	74	124	1
1141	163	103	1
798	114	84	2
728	104	114	1
875	125	140	1
581	83	132	2
980	140	99	2
847	121	109	1
1526	218	120	2
567	81	148	2
896	128	170	1
1232	176	136	2
707	101	146	1
693	99	133	2
777	111	194	1
1414	202	73	1
798	114	64	2
658	94	150	2
819	117	101	2
1008	144	100	2
735	105	159	1
847	121	101	1
973	139	155	2
1036	148	87	2
861	123	98	2
476	68	169	2
826	118	176	2
763	109	133	2
707	101	110	1
805	115	135	2
714	102	99	2
784	112	100	2
1428	204	134	2
812	116	163	1
798	114	102	1
742	106	102	2
847	121	99	2
1113	159	186	1
819	117	130	1
791	113	110	1
938	134	155	2
1463	209	103	2
686	98	100	2
1162	166	134	1
756	108	108	2
672	96	78	1
1092	156	108	2
798	114	123	1
1001	143	101	1
728	104	154	2
1337	191	106	2
707	101	109	2
742	106	119	1
1022	146	103	1
1197	171	199	2
707	101	133	1
966	138	167	2
756	108	123	1
777	111	58	2
910	130	67	2
714	102	94	1
679	97	144	1
756	108	137	2
889	127	130	1
952	136	132	2
1547	221	73	2
1519	217	82	1
749	107	76	2
882	126	131	1
1001	143	104	2
791	113	103	2
1302	186	120	1
749	107	103	2
805	115	158	2
1155	165	78	1
707	101	117	1
525	75	99	1
602	86	139	2
1260	180	114	1
1022	146	99	2
938	134	148	1
1323	189	115	1
959	137	136	2
833	119	101	2
742	106	100	2
728	104	176	2
707	101	106	1
931	133	104	2
812	116	93	2
518	74	86	2
728	104	81	2
1309	187	149	2
1078	154	102	1
532	76	142	1
945	135	99	1
1204	172	118	1
1554	222	108	2
728	104	127	2
798	114	199	1
826	118	99	1
798	114	101	2
644	92	155	2
1106	158	77	1
994	142	138	1
742	106	112	1
1610	230	53	1
1239	177	187	2
847	121	105	1
735	105	102	2
714	102	96	2
1022	146	92	2
1050	150	116	1
763	109	111	2
875	125	114	1
854	122	121	1
847	121	125	1
882	126	76	2
1351	193	96	1
742	106	96	1
1106	158	126	1
1316	188	83	1
763	109	108	2
686	98	118	2
770	110	203	2
707	101	131	1
623	89	91	1
1106	158	120	1
504	72	87	2
742	106	55	2
574	82	85	2
630	90	94	1
777	111	154	2
959	137	112	2
1022	146	115	1
574	82	121	2
784	112	113	1
574	82	88	2
791	113	114	2
679	97	96	1
700	100	107	1
714	102	159	2
1477	211	199	1
1379	197	208	1
1232	176	207	2
1400	200	199	2
1750	250	199	2
1512	216	244	1
1778	254	218	1
1659	237	225	2
1617	231	241	1
1253	179	245	2
1561	223	225	2
1659	237	181	2
1498	214	221	2
1435	205	212	2
1344	192	249	2
1302	186	173	1
1393	199	200	2
1512	216	157	2
1806	258	261	2
1561	223	279	1
2317	331	193	1
2289	327	207	1
1561	223	260	1
1386	198	226	2
1792	256	210	2
1904	272	226	2
1743	249	266	2
1505	215	183	1
1365	195	247	1
2156	308	257	2
1834	262	233	1
1435	205	207	1
1512	216	210	2
1589	227	202	2
1547	221	247	1
1442	206	200	2
1386	198	182	2
1400	200	189	1
2100	300	220	2
1442	206	215	2
1456	208	250	2
1463	209	230	1
1239	177	175	2
1148	164	240	2
1190	170	178	1
1407	201	222	2
1400	200	220	2
1820	260	224	2
1428	204	224	2
1218	174	179	2
1351	193	295	1
1470	210	237	2
1309	187	203	1
1316	188	218	2
1638	234	201	2
1127	161	201	2
1736	248	231	2
1722	246	242	2
1484	212	189	2
1372	196	244	1
1680	240	207	1
2177	311	274	1
1162	166	229	2
1435	205	244	2
2093	299	180	2
1960	280	208	1
1694	242	198	1
1176	168	256	2
1561	223	205	1
1449	207	269	2
1995	285	220	1
1232	176	231	1
1575	225	282	1
1540	220	199	2
1554	222	206	2
1421	203	201	2
1421	203	180	2
2156	308	276	2
1582	226	200	1
1680	240	174	2
1694	242	180	2
1365	195	197	1
1302	186	200	1
1575	225	291	1
2233	319	227	1
1379	197	210	2
1400	200	199	2
1106	158	254	2
1344	192	213	1
2156	308	184	2
1484	212	262	1
1617	231	216	2
1358	194	210	1
1498	214	224	2
1953	279	206	2
2058	294	240	2
1379	197	204	1
1323	189	209	2
1526	218	143	2
1421	203	243	1
1778	254	261	1
1372	196	203	2
1498	214	191	2
1519	217	214	1
1365	195	224	1
1463	209	168	2
1645	235	198	2
1365	195	206	1
1358	194	202	1
1988	284	227	2
1918	274	248	2
1876	268	244	2
1379	197	197	1
1463	209	278	2
1617	231	184	2
1421	203	230	1
1505	215	214	2
1463	209	202	1
2380	340	186	1
1792	256	190	1
1582	226	217	1
1484	212	219	1
2149	307	229	2
1428	204	204	1
1673	239	215	1
1421	203	231	1
1771	253	207	1
1407	201	242	1
1939	277	203	2
1659	237	216	2
1533	219	235	2
1750	250	223	2
1729	247	179	2
1442	206	234	1
1365	195	239	1
1477	211	178	1
1470	210	168	2
1393	199	214	1
1617	231	216	2
1617	231	225	2
1505	215	227	2
1743	249	219	1
1428	204	177	2
1225	175	143	2
1610	230	236	1
1764	252	194	1
1295	185	248	2
1729	247	234	2
1379	197	160	2
1225	175	192	1
1372	196	193	2
1897	271	216	1
1323	189	303	1
1330	190	201	1
1498	214	202	2
1638	234	226	2
1435	205	149	1
1169	167	208	1
1316	188	214	1
1519	217	258	2
1477	211	200	2
2100	300	211	1
1743	249	257	2
1393	199	187	2
1981	283	248	2
1407	201	237	1
1260	180	252	1
1435	205	196	2
1568	224	205	2
1491	213	204	2
1218	174	196	2
2107	301	197	1
1302	186	210	2
1575	225	246	1
1974	282	184	1
1610	230	191	2
1561	223	218	1
1428	204	233	1
2191	313	201	2
1771	253	198	1
2254	322	207	2
2401	343	203	2
1862	266	244	1
1211	173	199	1
1435	205	192	2
1449	207	234	2
1442	206	224	1
1631	233	213	2
1386	198	182	2
1757	251	217	2
1323	189	186	1
1330	190	219	1
1631	233	215	1
1449	207	196	1
1988	284	229	2
1799	257	232	2
1337	191	245	2
1596	228	175	2
1981	283	182	2
1610	230	236	2
2345	335	200	2
1225	175	207	1
1827	261	211	1
1645	235	207	1
1120	160	167	2
1918	274	228	1
1414	202	193	1
1281	183	242	1
1169	167	215	1
1393	199	251	1
1932	276	225	1
1428	204	214	2
1953	279	211	2
1323	189	217	2
1246	178	258	2
1778	254	185	2
1554	222	212	1
1708	244	247	2
1554	222	212	1
1288	184	170	2
2212	316	155	2
1575	225	203	2
1897	271	222	2
1589	227	201	1
1519	217	274	1
1582	226	167	2
1435	205	238	1
1610	230	206	2
1414	202	235	1
1694	242	249	1
1372	196	255	1
1603	229	207	2
1470	210	236	1
1617	231	195	2
1855	265	209	2
1785	255	288	2
1407	201	201	2
1722	246	160	2
1610	230	220	1
1218	174	210	2
1995	285	211	2
1631	233	180	1
1442	206	196	1
1533	219	199	2
1799	257	173	1
1106	158	226	1
2065	295	209	2
1596	228	203	1
1491	213	210	1
1456	208	199	1
1519	217	484	2
1435	205	497	2
1400	200	405	1
1617	231	425	1
1435	205	446	2
1428	204	443	2
1624	232	429	1
1561	223	440	2
2149	307	469	1
1449	207	433	1
1827	261	401	2
1407	201	385	1
1463	209	404	2
1309	187	492	2
1449	207	401	2
1463	209	403	1
1722	246	469	2
1400	200	409	1
1477	211	484	1
1673	239	394	2
1379	197	437	1
1449	207	402	1
1386	198	403	1
1344	192	442	1
1449	207	379	2
2079	297	395	2
1722	246	401	2
1582	226	430	2
2177	311	409	1
1659	237	390	1
1400	200	493	2
1561	223	438	1
1414	202	442	2
1414	202	399	1
1603	229	429	1
1505	215	432	1
1344	192	421	1
1463	209	370	1
2296	328	429	2
1456	208	405	1
1414	202	423	2
1470	210	407	1
1484	212	415	1
1407	201	432	2
1631	233	388	1
1351	193	400	1
1456	208	459	2
1757	251	400	2
1400	200	379	2
1554	222	402	2
1834	262	398	2
1960	280	429	1
2121	303	441	1
1414	202	465	2
1624	232	424	2
1414	202	403	2
1477	211	397	1
1372	196	483	2
1841	263	443	1
2023	289	391	1
1197	171	387	2
1365	195	437	1
1589	227	417	2
1869	267	412	2
1540	220	419	1
2345	335	376	1
1407	201	380	1
1218	174	408	2
1918	274	438	2
1904	272	401	1
1617	231	407	1
1428	204	448	1
1365	195	392	1
1498	214	448	2
1610	230	408	2
1428	204	350	1
1393	199	382	1
1715	245	424	1
1554	222	446	1
1428	204	430	2
1176	168	399	1
1239	177	427	2
1617	231	424	1
1407	201	402	2
2177	311	483	2
1813	259	432	2
1393	199	415	2
1526	218	408	1
1134	162	390	2
1582	226	403	1
1897	271	400	1
1435	205	427	2
1624	232	480	1
1400	200	407	2
1288	184	402	2
1463	209	410	2
2030	290	490	1
1274	182	444	1
1435	205	412	1
2072	296	408	2
1561	223	381	1
2030	290	427	1
1883	269	398	1
1407	201	448	1
1624	232	406	2
1232	176	421	1
2184	312	435	2
1379	197	393	2
1351	193	394	2
1435	205	459	1
2100	300	385	1
1750	250	453	1
1701	243	401	2
1288	184	491	2
1323	189	402	1
1505	215	383	2
1477	211	373	2
1645	235	407	1
1456	208	418	2
1561	223	416	2
1393	199	390	1
1547	221	447	1
1547	221	404	1
1568	224	408	1
1393	199	408	2
1232	176	435	1
1575	225	425	1
1407	201	385	2
1484	212	464	2
1554	222	419	1
1603	229	415	2
1421	203	400	2
1764	252	418	2
1659	237	392	2
1330	190	370	2
1449	207	449	1
1414	202	401	2
1428	204	430	1
1547	221	415	2
1498	214	413	1
1456	208	443	2
1687	241	391	2
1449	207	402	1
1456	208	390	2
1449	207	405	2
1372	196	416	2
1400	200	442	1
1400	200	454	1
2205	315	400	1
1827	261	427	2
1638	234	434	2
1456	208	407	2
1575	225	420	1
1260	180	376	1
1365	195	408	1
1414	202	387	2
1519	217	471	2
1477	211	372	2
1225	175	392	1
1617	231	441	2
1624	232	412	2
1862	266	407	2
1540	220	419	1
1386	198	407	2
2205	315	449	2
1456	208	438	2
1554	222	397	2
2184	312	441	2
1421	203	400	1
1365	195	397	2
1785	255	412	2
1344	192	435	2
1428	204	430	2
1708	244	370	1
1757	251	465	2
1988	284	485	1
1330	190	395	2
1575	225	454	1
1561	223	432	1
1400	200	395	2
1512	216	422	2
2149	307	393	2
2289	327	376	2
1477	211	376	1
1701	243	395	2
1470	210	375	1
1295	185	394	2
1792	256	391	1
2219	317	408	1
1302	186	417	2
1449	207	444	1
1897	271	416	1
2016	288	406	1
2100	300	419	1
1414	202	433	1
1456	208	404	1
1288	184	364	1
1442	206	422	2
1456	208	416	2
1456	208	404	1
1316	188	399	1
1442	206	375	2
1288	184	393	1
1365	195	430	1
1736	248	419	2
1176	168	382	1
1631	233	411	2
1708	244	401	1
1176	168	446	2
1561	223	416	1
1477	211	385	2
1946	278	375	1
2107	301	448	2
1393	199	438	2
1554	222	407	2
1428	204	431	1
1498	214	414	2
1491	213	447	2
1680	240	416	2
1407	201	392	2
1386	198	350	1
1855	265	447	1
1407	201	423	2
1484	212	391	2
1281	183	404	2
1470	210	405	1
2086	298	431	2
1211	173	466	1
1491	213	417	1
1155	165	485	2
1449	207	387	1
1421	203	438	2
1757	251	424	1
1526	218	417	2
1638	234	469	2
2282	326	426	1
1309	187	419	2
1638	234	373	2
1260	180	400	2
1603	229	370	2
1638	234	405	2
1106	158	467	1
1372	196	441	2
1575	225	418	2
1792	256	389	1
1750	250	417	1
1463	209	436	1
1729	247	425	2
1575	225	405	2
1491	213	379	1
1764	252	317	2
1288	184	319	1
1260	180	324	1
1162	166	361	1
1078	154	297	2
1162	166	351	1
994	142	291	2
1057	151	298	1
1071	153	314	2
882	126	295	1
1057	151	353	1
1078	154	314	1
1589	227	284	1
1169	167	320	1
1064	152	348	1
1057	151	313	1
861	123	306	2
1043	149	330	2
1295	185	318	1
833	119	317	1
1484	212	297	1
1064	152	334	2
1022	146	319	2
1036	148	325	1
1407	201	308	2
1127	161	304	1
1064	152	298	1
1057	151	300	2
1204	172	352	1
1008	144	303	2
1645	235	310	2
952	136	301	1
1323	189	304	1
847	121	342	1
1806	258	314	1
1148	164	332	1
1134	162	309	2
945	135	322	2
1057	151	298	1
1498	214	335	2
973	139	262	1
1015	145	336	1
826	118	294	2
1050	150	394	1
1176	168	296	1
1106	158	262	1
1813	259	288	1
1197	171	312	1
1183	169	315	1
1554	222	335	1
1071	153	315	2
1043	149	302	2
1092	156	295	1
1113	159	302	2
1295	185	329	1
903	129	278	2
994	142	327	1
1092	156	318	2
1169	167	299	2
1995	285	299	2
1092	156	323	2
1470	210	354	1
1120	160	303	1
1820	260	312	1
987	141	318	1
903	129	296	2
861	123	303	1
1722	246	306	2
1330	190	296	1
994	142	320	2
1274	182	284	1
1435	205	276	2
1288	184	310	1
980	140	320	2
1603	229	340	1
1365	195	269	1
1911	273	283	2
1288	184	394	1
1148	164	303	2
1645	235	291	1
1022	146	308	1
1694	242	308	1
1393	199	303	1
1225	175	338	1
1050	150	301	2
1120	160	289	2
1449	207	303	2
1232	176	330	1
1302	186	308	1
1911	273	305	1
1155	165	389	1
1379	197	293	1
1442	206	363	1
1225	175	299	1
882	126	289	1
1057	151	335	2
1295	185	299	1
1435	205	328	2
1540	220	335	2
1001	143	387	2
1470	210	302	1
1225	175	322	1
1666	238	332	1
1092	156	339	2
1113	159	299	2
945	135	283	2
1078	154	300	1
1302	186	288	2
1092	156	271	2
1141	163	332	1
1120	160	363	2
1526	218	275	1
1260	180	308	1
1204	172	322	2
1484	212	285	2
1085	155	350	1
1218	174	301	1
994	142	341	1
1057	151	286	1
910	130	296	1
1099	157	300	1
1876	268	400	2
1050	150	315	2
1134	162	312	2
1106	158	336	2
1064	152	270	1
1050	150	319	2
1071	153	308	1
987	141	323	1
1155	165	352	1
1533	219	306	2
1057	151	367	2
1323	189	307	2
931	133	273	2
1057	151	324	1
1099	157	394	2
973	139	292	2
910	130	411	2
1029	147	283	1
1435	205	352	2
994	142	344	2
1057	151	331	2
1099	157	294	1
1323	189	304	1
1120	160	363	2
1008	144	270	2
770	110	326	2
1855	265	290	1
1197	171	288	1
1029	147	271	1
1036	148	308	2
1722	246	286	1
1197	171	312	1
1057	151	299	2
1302	186	299	1
1050	150	306	2
1442	206	294	2
1050	150	287	1
1596	228	310	1
1127	161	292	2
1057	151	285	2
889	127	404	1
1596	228	363	2
1393	199	372	2
1064	152	342	1
1330	190	322	1
1057	151	311	1
1547	221	336	2
1078	154	303	1
1785	255	302	2
1050	150	265	2
1099	157	380	2
1393	199	330	1
917	131	336	2
1540	220	303	2
952	136	292	1
1302	186	307	1
1316	188	319	1
1386	198	286	1
1071	153	308	2
1260	180	411	1
1568	224	362	1
1057	151	350	1
1687	241	381	1
1050	150	347	2
1743	249	297	1
1141	163	295	1
1008	144	283	2
1169	167	385	2
1078	154	327	1
1141	163	351	2
1302	186	303	2
1050	150	309	1
1071	153	307	2
1211	173	303	2
1246	178	299	2
1309	187	277	1
1162	166	303	1
819	117	394	1
1358	194	316	1
1239	177	349	1
1043	149	318	1
959	137	361	1
1141	163	313	2
1407	201	297	1
1337	191	305	1
1190	170	317	2
1225	175	329	1
1386	198	321	2
1169	167	359	1
882	126	344	1
1505	215	290	1
1197	171	301	2
994	142	303	1
1008	144	350	1
1379	197	312	2
1288	184	303	1
1029	147	301	2
1400	200	285	2
1631	233	303	1
1022	146	351	2
917	131	294	1
1204	172	315	1
1162	166	305	2
1456	208	361	1
1575	225	324	2
1379	197	293	2
1302	186	373	1
826	118	383	1
1113	159	312	2
1064	152	316	2
1309	187	316	2
1995	285	260	1
1253	179	312	1
1274	182	334	1
1540	220	368	1
1449	207	331	1
1771	253	306	1
1820	260	299	1
1078	154	327	2
1407	201	305	2
1267	181	273	2
1127	161	282	2
1400	200	324	2
1211	173	321	2
1001	143	292	1
1057	151	270	2
1281	183	374	1
1106	158	306	2
1386	198	317	2
2016	288	199	1
2737	391	193	2
2534	362	207	1
2058	294	251	1
2905	415	162	1
2233	319	201	1
1967	281	204	2
2156	308	200	2
2940	420	206	1
2849	407	188	1
2100	300	195	2
2030	290	184	2
2499	357	255	1
2177	311	203	2
2520	360	200	2
2303	329	210	2
2030	290	245	2
2450	350	214	1
2177	311	201	2
3045	435	182	2
2261	323	221	1
2016	288	213	2
2457	351	217	1
2030	290	200	2
2156	308	195	1
2541	363	302	1
2191	313	230	1
2660	380	211	1
2233	319	202	2
2268	324	238	1
2226	318	222	2
2156	308	171	1
2415	345	202	2
1792	256	218	2
2646	378	181	2
2513	359	201	1
2009	287	169	1
2107	301	198	2
2296	328	210	2
2849	407	268	1
2009	287	250	1
2730	390	198	2
2366	338	249	2
2296	328	198	1
2219	317	219	2
2100	300	258	2
2835	405	201	1
2002	286	277	2
2044	292	225	2
2422	346	187	1
2100	300	272	2
2324	332	187	2
2296	328	164	2
2093	299	196	2
2800	400	265	2
2303	329	207	2
2128	304	160	2
1960	280	208	1
2065	295	198	2
2044	292	201	1
2058	294	236	2
2212	316	198	2
2240	320	238	2
2485	355	211	1
2072	296	189	1
2408	344	257	1
2527	361	243	2
2093	299	285	1
2009	287	211	1
2233	319	300	2
2198	314	204	1
2842	406	186	1
2219	317	210	1
2079	297	185	2
2317	331	236	1
1778	254	196	2
1925	275	230	1
2233	319	170	2
2205	315	240	2
2079	297	223	1
2541	363	225	1
2576	368	188	2
2072	296	215	1
2261	323	265	1
2765	395	201	2
2086	298	196	1
2464	352	247	2
1918	274	163	2
2226	318	143	1
1939	277	206	2
2709	387	213	2
2030	290	192	2
2772	396	194	1
2331	333	242	2
2023	289	177	2
2317	331	209	1
2093	299	155	1
2324	332	169	2
2107	301	202	1
2149	307	203	2
2198	314	220	1
2023	289	201	2
1897	271	225	1
2128	304	198	1
1967	281	204	1
2016	288	219	2
2233	319	204	2
2345	335	266	1
2072	296	232	2
2464	352	233	1
2779	397	216	1
2618	374	268	2
2170	310	302	2
2100	300	217	1
2009	287	286	2
2191	313	280	1
2625	375	220	2
2387	341	252	1
2072	296	222	1
2674	382	175	2
2100	300	202	1
1897	271	166	1
2548	364	197	2
2366	338	262	2
1848	264	214	1
2121	303	238	1
2170	310	188	1
2464	352	215	2
2142	306	211	2
2121	303	218	1
2555	365	207	1
2429	347	202	1
2100	300	211	1
2107	301	210	2
1792	256	192	2
2310	330	208	1
2149	307	202	1
2009	287	158	2
2100	300	208	2
2107	301	160	1
2163	309	188	2
2597	371	209	2
2177	311	190	1
2723	389	182	2
2135	305	198	2
2100	300	197	1
2093	299	252	2
2744	392	190	1
2380	340	200	1
2086	298	247	2
2044	292	214	2
2212	316	151	2
2065	295	202	1
2366	338	200	1
1848	264	201	2
2807	401	219	2
2100	300	210	2
2121	303	258	1
2366	338	200	2
2079	297	185	2
2597	371	230	1
1855	265	247	1
2023	289	201	1
2429	347	239	2
2387	341	212	1
2254	322	210	1
1750	250	222	1
2702	386	234	1
2135	305	201	2
2527	361	221	1
2023	289	223	1
1995	285	229	2
2142	306	162	2
1995	285	178	2
2128	304	247	1
2163	309	258	1
2275	325	252	1
2093	299	288	2
2079	297	209	2
2135	305	198	1
2016	288	217	1
2793	399	220	2
2765	395	272	1
2149	307	207	2
2037	291	217	1
2058	294	156	1
2128	304	246	2
1946	278	197	2
2009	287	152	1
2219	317	246	1
2100	300	196	1
2009	287	218	2
2653	379	202	2
2541	363	183	2
2408	344	250	2
2037	291	188	2
2100	300	247	2
2079	297	223	1
2170	310	185	1
2065	295	209	1
1988	284	231	2
2037	291	205	1
2401	343	195	2
3010	430	217	1
2240	320	247	2
2093	299	204	2
2086	298	211	1
2079	297	232	2
2268	324	201	1
2100	300	305	1
2079	297	192	2
2303	329	203	1
2170	310	195	2
2996	428	267	1
2471	353	252	1
2261	323	187	2
2114	302	239	1
2114	302	239	2
2450	350	263	2
2562	366	206	1
2065	295	249	2
2114	302	272	1
2135	305	197	1
1960	280	229	2
2765	395	250	1
2681	383	297	2
2884	412	198	1
1834	262	182	1
2394	342	248	1
2219	317	208	2
2044	292	244	1
2709	387	211	2
2254	322	200	1
2191	313	243	1
2149	307	256	2
2226	318	226	2
2485	355	238	2
2037	291	200	1
2667	381	196	2
2254	322	294	1
2506	358	227	2
2324	332	206	2
2030	290	214	2
2352	336	242	1
2317	331	270	1
2226	318	208	2
2016	288	225	1
2240	320	213	2
2415	345	194	2
2163	309	178	2
2933	419	402	2
3276	468	418	1
3283	469	407	1
2646	378	414	2
2800	400	418	1
2786	398	402	2
3038	434	406	1
2625	375	426	1
3276	468	394	2
3052	436	410	1
2702	386	409	2
2982	426	381	1
2828	404	450	1
2870	410	387	2
3031	433	401	2
2989	427	418	2
2807	401	383	1
2597	371	416	1
3003	429	472	2
3402	486	400	2
2898	414	384	1
3108	444	443	2
2646	378	378	1
2814	402	405	2
2814	402	401	2
2695	385	409	1
2863	409	394	2
3185	455	394	2
2814	402	434	1
2961	423	397	1
3010	430	515	2
2856	408	370	2
3535	505	418	2
2688	384	407	2
3381	483	402	2
2884	412	413	2
2751	393	402	1
2751	393	422	2
3150	450	398	2
2989	427	421	2
3304	472	488	1
2702	386	488	2
2961	423	373	1
3045	435	383	1
2695	385	420	1
3381	483	419	2
2884	412	483	1
3136	448	407	1
2863	409	417	2
2821	403	395	1
2674	382	424	1
2884	412	382	2
2856	408	380	2
2814	402	491	1
2905	415	402	2
3157	451	405	1
3171	453	403	2
2849	407	421	1
3129	447	400	1
2772	396	436	1
2947	421	426	2
2926	418	415	1
3080	440	390	1
3206	458	464	1
2898	414	404	1
3241	463	420	1
3304	472	422	2
2807	401	467	1
2891	413	498	1
2975	425	441	2
3444	492	419	2
2835	405	421	1
2933	419	430	2
2751	393	459	2
2737	391	426	2
3164	452	382	1
3612	516	400	2
3654	522	418	2
2856	408	348	2
3017	431	433	1
3087	441	391	2
2814	402	432	1
2569	367	476	1
2891	413	377	2
2905	415	415	2
3157	451	431	2
3031	433	429	1
2926	418	415	2
2737	391	422	2
3269	467	413	1
2779	397	395	1
2744	392	412	2
3080	440	493	1
3094	442	457	1
3367	481	437	2
2933	419	440	2
2982	426	400	2
2905	415	400	2
2849	407	391	2
2709	387	407	2
3101	443	418	2
2786	398	472	2
3311	473	420	2
3255	465	409	2
2723	389	445	1
2758	394	422	2
3024	432	430	2
2905	415	505	2
2982	426	451	1
2618	374	425	1
3213	459	439	2
2702	386	414	2
2828	404	390	1
2912	416	387	1
2996	428	408	2
3766	538	404	2
2674	382	367	2
2800	400	436	1
3108	444	461	1
2800	400	446	2
3570	510	419	2
2807	401	357	2
3087	441	394	1
2835	405	428	1
3017	431	472	2
2786	398	434	2
3031	433	406	1
2989	427	415	1
2849	407	412	2
2667	381	394	2
2919	417	395	2
3199	457	446	2
3255	465	438	1
3353	479	380	1
3115	445	404	1
3374	482	423	1
2758	394	410	2
3003	429	436	2
2793	399	390	2
2891	413	400	2
2842	406	385	1
2856	408	436	1
2716	388	423	2
2919	417	437	1
3213	459	389	2
2779	397	412	2
2639	377	467	1
2814	402	452	1
2758	394	424	2
2779	397	381	1
2772	396	410	1
2800	400	401	1
2772	396	392	2
3360	480	451	2
3437	491	429	2
2919	417	402	2
3178	454	413	2
2744	392	365	2
3136	448	385	2
3087	441	353	2
3318	474	417	1
3458	494	425	1
2786	398	467	2
2548	364	400	1
3255	465	503	2
2800	400	439	1
2807	401	460	2
2660	380	389	1
3626	518	414	1
3241	463	417	1
2898	414	405	2
3199	457	432	1
2926	418	418	1
3108	444	398	2
3521	503	418	2
2891	413	424	2
2835	405	368	1
2786	398	462	2
2884	412	387	2
3332	476	456	2
2926	418	497	1
3087	441	378	2
2807	401	482	1
2835	405	498	2
3325	475	398	2
2569	367	443	2
2660	380	413	2
3045	435	456	1
3108	444	450	2
2583	369	410	1
2905	415	417	2
2926	418	404	1
2583	369	378	2
2793	399	414	2
2758	394	441	2
2961	423	445	1
3549	507	399	2
3514	502	408	1
2779	397	381	1
2870	410	425	2
2695	385	385	2
2856	408	399	2
3213	459	429	2
2814	402	497	1
2800	400	408	1
2576	368	444	1
2961	423	402	2
2842	406	387	2
3094	442	390	1
3052	436	399	1
3115	445	412	2
2793	399	396	2
3738	534	429	2
2807	401	414	1
3087	441	481	1
2968	424	393	1
2870	410	462	1
3486	498	388	2
2814	402	468	1
2821	403	485	1
3325	475	396	2
3024	432	407	2
3304	472	411	1
2849	407	403	2
3262	466	484	1
2849	407	401	1
2947	421	420	1
2828	404	410	1
2793	399	413	2
3178	454	409	2
3451	493	407	2
2947	421	420	2
3038	434	401	1
2926	418	401	1
2919	417	377	2
2982	426	439	1
2772	396	479	1
2884	412	394	1
3598	514	391	2
3458	494	450	1
2506	358	397	1
2842	406	418	1
2569	367	421	1
3325	475	467	2
2562	366	349	1
2821	403	444	1
3682	526	411	1
2828	404	460	1
3003	429	425	2
2681	383	381	1
1547	221	329	1
1813	259	239	2
1939	277	266	1
1785	255	272	2
1904	272	252	2
1750	250	216	2
2100	300	281	2
1722	246	255	2
2114	302	244	1
2058	294	264	1
1645	235	333	1
2387	341	273	2
1855	265	281	1
1771	253	288	1
1715	245	302	1
1848	264	274	2
2338	334	239	1
1694	242	327	2
2009	287	251	2
1841	263	261	2
2121	303	251	2
2226	318	346	2
2023	289	252	1
1652	236	269	2
2051	293	282	1
1736	248	251	1
2016	288	247	2
1645	235	264	2
1988	284	259	2
1757	251	323	2
1750	250	255	2
2149	307	191	2
2114	302	306	2
2009	287	253	1
1729	247	248	1
2450	350	264	1
2072	296	278	1
1757	251	285	1
1750	250	251	1
1876	268	288	1
2401	343	203	2
1764	252	197	2
1799	257	294	1
1785	255	274	1
1694	242	232	2
2317	331	240	2
1757	251	260	1
1974	282	258	1
1582	226	251	1
1603	229	307	1
2226	318	318	1
1869	267	242	1
1589	227	307	1
1743	249	330	2
1764	252	277	2
1764	252	301	2
2009	287	265	1
2191	313	245	2
1904	272	283	2
2548	364	304	2
1967	281	255	1
1820	260	264	1
1596	228	279	1
1778	254	269	1
1918	274	253	2
1778	254	298	2
1771	253	255	1
1673	239	325	2
1743	249	293	2
1701	243	250	2
1834	262	283	1
2149	307	268	2
1778	254	277	1
1757	251	317	1
1820	260	251	2
2401	343	321	1
2142	306	248	2
2345	335	251	1
1610	230	230	2
1995	285	277	2
2086	298	292	2
1897	271	271	1
2492	356	280	2
2716	388	253	2
1736	248	244	2
1799	257	251	2
1701	243	236	2
1568	224	247	1
1967	281	289	1
1771	253	261	1
1848	264	319	2
2352	336	247	2
1708	244	251	1
1778	254	235	1
1729	247	306	1
1904	272	254	1
1484	212	258	1
1813	259	246	2
1645	235	263	2
2212	316	295	1
1743	249	255	2
2121	303	246	1
1617	231	237	2
1764	252	353	2
1421	203	249	1
2023	289	270	1
1561	223	278	2
1568	224	251	2
1953	279	357	2
1729	247	291	1
1659	237	279	2
1673	239	298	2
1505	215	231	1
1729	247	258	2
1862	266	224	2
2030	290	249	1
1589	227	319	1
1491	213	261	1
1792	256	246	2
1890	270	207	1
2002	286	323	2
1715	245	289	1
2401	343	265	1
1981	283	298	1
1743	249	247	1
1764	252	341	1
2282	326	213	1
1750	250	318	2
2716	388	246	1
1715	245	250	2
1680	240	268	2
2310	330	283	2
1946	278	262	1
2268	324	234	2
1792	256	253	2
1771	253	227	1
1743	249	278	2
2030	290	333	1
2058	294	262	1
1820	260	259	1
1729	247	269	1
2009	287	260	2
1778	254	251	1
2443	349	259	1
1974	282	210	1
1925	275	242	2
1561	223	261	2
2387	341	339	2
1750	250	226	2
1841	263	335	1
2016	288	331	1
1610	230	291	1
1820	260	205	2
1750	250	247	2
1953	279	246	2
2520	360	252	1
1617	231	248	1
1743	249	248	2
1596	228	232	2
1673	239	278	2
1904	272	241	2
2429	347	231	1
1484	212	245	2
1883	269	200	1
1890	270	295	1
2268	324	251	2
2415	345	247	2
1652	236	261	2
1750	250	213	2
2177	311	278	2
1995	285	255	1
1799	257	263	1
1799	257	236	2
1778	254	243	1
2212	316	275	2
1736	248	221	1
1701	243	304	2
1736	248	270	2
2170	310	310	2
1925	275	284	1
1911	273	285	2
1519	217	238	1
1673	239	300	1
1981	283	268	1
2485	355	251	1
1862	266	332	2
2331	333	272	1
1813	259	252	1
2233	319	262	1
1981	283	305	1
1792	256	235	1
1778	254	275	2
1708	244	249	2
1568	224	234	2
1736	248	252	2
1876	268	228	2
1806	258	280	1
1869	267	289	2
1757	251	296	1
1967	281	231	1
1988	284	313	2
2135	305	242	1
1897	271	257	1
1631	233	244	2
2226	318	237	1
1953	279	263	1
1974	282	248	2
1834	262	253	1
2296	328	302	2
1575	225	269	2
1715	245	267	2
2387	341	260	2
1869	267	258	1
1925	275	253	2
1519	217	331	1
1967	281	253	2
2471	353	237	2
1820	260	243	2
1708	244	230	2
1806	258	325	1
1736	248	226	1
2261	323	255	2
1715	245	251	1
1715	245	218	2
1827	261	291	1
2429	347	259	2
1708	244	249	1
1799	257	244	1
1722	246	262	2
1722	246	301	2
1526	218	243	1
1841	263	287	1
1932	276	220	2
2366	338	256	2
2135	305	309	2
1953	279	271	1
1813	259	246	2
1498	214	271	1
2541	363	265	1
1757	251	235	1
1834	262	234	1
2422	346	244	1
1876	268	267	1
1694	242	310	1
1778	254	240	1
1722	246	347	1
1757	251	251	2
1652	236	274	1
2009	287	274	1
2317	331	317	1
2324	332	434	2
2681	383	445	1
2373	339	394	1
2093	299	392	2
2044	292	392	2
2100	300	377	2
2380	340	412	1
2100	300	403	2
2625	375	359	2
1799	257	390	2
1974	282	414	1
2394	342	459	2
2275	325	426	1
2611	373	386	2
2716	388	436	2
1820	260	403	2
2576	368	378	1
2051	293	449	2
2079	297	505	1
2044	292	419	2
2121	303	401	2
2653	379	389	2
1862	266	357	1
2044	292	394	2
2107	301	439	2
2163	309	422	2
2107	301	445	1
2135	305	376	1
2086	298	405	2
2499	357	430	2
2093	299	402	2
2436	348	395	1
2639	377	471	2
2723	389	483	1
2639	377	500	2
2121	303	382	1
2149	307	393	2
2821	403	422	2
2443	349	444	1
2611	373	369	2
2380	340	424	1
1988	284	367	2
2415	345	366	2
2394	342	395	1
2751	393	403	2
2086	298	449	2
2450	350	438	2
2128	304	373	2
2436	348	371	2
2793	399	476	1
2366	338	394	1
2387	341	395	1
2422	346	431	2
2079	297	424	1
2240	320	430	2
1974	282	410	2
2177	311	452	2
2569	367	423	2
2044	292	424	1
2177	311	395	1
1974	282	473	2
2317	331	404	1
1890	270	411	2
2233	319	399	2
2296	328	389	2
2184	312	405	1
2226	318	424	1
2282	326	398	1
2541	363	361	2
2380	340	417	2
2079	297	373	2
1946	278	399	1
2128	304	429	1
2268	324	410	1
2226	318	417	1
1785	255	402	1
2086	298	462	2
2079	297	457	2
2142	306	421	1
2100	300	405	1
1953	279	390	1
2576	368	410	2
2086	298	393	1
2212	316	369	1
2002	286	457	1
2023	289	397	2
2296	328	389	2
2156	308	433	2
2681	383	387	2
2121	303	407	1
2086	298	403	1
2800	400	404	2
2107	301	430	1
2177	311	476	1
2030	290	401	2
2163	309	404	1
2093	299	412	1
2016	288	418	1
1932	276	402	1
2086	298	415	1
2128	304	386	1
2331	333	388	1
2723	389	413	2
2387	341	417	1
2695	385	401	1
1834	262	407	2
2821	403	435	2
2114	302	400	1
2142	306	411	1
2625	375	440	2
2065	295	459	2
2107	301	428	2
2170	310	430	1
2590	370	448	1
2205	315	446	1
2163	309	396	2
1911	273	368	2
2121	303	473	2
2303	329	418	1
2135	305	405	1
2100	300	403	2
2177	311	423	2
1890	270	405	2
2296	328	433	1
2310	330	392	1
2604	372	400	2
2100	300	395	2
1974	282	415	2
2128	304	394	2
2674	382	394	1
1960	280	428	2
2135	305	386	2
2079	297	406	1
2919	417	419	2
2023	289	387	1
2128	304	437	2
2135	305	471	1
2289	327	390	2
2499	357	385	1
2268	324	405	2
2324	332	392	2
2233	319	419	1
2254	322	421	1
2121	303	409	2
2611	373	403	1
2149	307	413	1
2156	308	435	1
2079	297	373	1
2429	347	409	2
2436	348	363	1
2037	291	473	1
2072	296	405	2
2100	300	400	2
2219	317	392	2
2317	331	422	1
2107	301	396	1
2149	307	464	1
2499	357	411	1
2429	347	394	2
2079	297	407	2
2100	300	401	1
3115	445	393	1
2107	301	382	2
2205	315	391	1
2142	306	473	1
2037	291	403	1
2198	314	434	2
2128	304	401	1
1834	262	426	2
2121	303	394	1
2058	294	452	1
2184	312	371	1
2065	295	409	1
2387	341	436	1
2282	326	388	2
2401	343	404	2
2079	297	399	2
2093	299	419	2
2184	312	436	2
1939	277	407	1
2114	302	403	1
2373	339	416	2
2261	323	384	2
2184	312	419	1
2093	299	417	1
2436	348	410	1
2345	335	440	2
2268	324	401	2
2506	358	399	1
2786	398	395	2
2002	286	369	2
2100	300	402	2
2072	296	464	2
2485	355	444	2
2352	336	392	2
2289	327	394	1
2527	361	412	1
2352	336	407	1
2275	325	411	1
2016	288	421	1
1974	282	491	1
2212	316	389	1
2233	319	386	2
1967	281	458	1
3129	447	489	2
2030	290	404	1
2394	342	423	1
2394	342	414	2
2037	291	395	2
2205	315	395	1
2086	298	413	2
2345	335	441	1
2128	304	396	2
2149	307	498	1
2184	312	390	1
1967	281	436	1
2177	311	421	2
2877	411	403	1
2394	342	401	1
2436	348	360	1
2205	315	437	2
2079	297	421	2
2737	391	404	2
2051	293	454	1
2121	303	441	2
2464	352	464	2
1960	280	442	2
2520	360	410	2
2107	301	418	2
2219	317	449	2
2100	300	419	2
2681	383	414	2
2100	300	371	2
2310	330	415	1
1981	283	434	2
2240	320	476	1
2121	303	456	1
2149	307	407	1
2233	319	400	1
2772	396	421	1
2191	313	413	1
2254	322	408	1
2632	376	418	1
2163	309	388	2
2499	357	379	2
2009	287	413	2
3115	445	422	1
2128	304	421	1
2086	298	399	1
1911	273	414	1
1337	191	169	2
917	131	166	1
1260	180	151	1
1099	157	172	1
1008	144	126	1
1099	157	171	2
1302	186	198	1
1281	183	196	2
1393	199	163	2
994	142	183	1
1302	186	186	1
1785	255	146	2
1148	164	205	1
1750	250	145	2
1050	150	138	1
1001	143	144	2
1169	167	151	1
1232	176	196	2
1029	147	150	1
1064	152	169	1
945	135	189	2
1155	165	154	1
938	134	158	1
1281	183	176	2
1841	263	185	1
959	137	174	1
1687	241	191	1
1148	164	172	1
1078	154	209	2
1218	174	202	2
952	136	203	1
1190	170	171	2
1057	151	164	1
1295	185	165	1
770	110	173	2
847	121	208	1
1057	151	208	2
1274	182	247	2
1519	217	155	1
1225	175	179	1
1197	171	193	1
1386	198	179	1
1820	260	187	2
1085	155	157	1
1666	238	152	1
1176	168	115	2
1190	170	196	1
1883	269	126	2
1281	183	196	2
1057	151	167	2
1337	191	147	2
1624	232	126	1
1134	162	158	2
1442	206	159	1
833	119	137	2
1190	170	154	2
1344	192	175	1
1638	234	240	1
1827	261	146	2
1008	144	123	2
1043	149	180	2
1092	156	182	1
1036	148	158	1
1022	146	168	2
1491	213	203	1
1372	196	193	2
945	135	214	2
756	108	156	2
1449	207	135	1
1022	146	251	2
1330	190	113	2
1120	160	194	2
945	135	173	1
973	139	181	1
1176	168	218	2
1099	157	152	1
966	138	152	1
1456	208	154	2
1253	179	158	1
1323	189	150	2
1225	175	144	1
1260	180	141	2
1337	191	162	1
1701	243	200	1
1050	150	145	2
1141	163	151	1
1057	151	169	2
1295	185	146	1
1253	179	152	2
1043	149	165	2
1855	265	172	1
1694	242	155	1
1050	150	256	2
1526	218	161	1
1253	179	252	1
1533	219	153	2
1344	192	228	1
1162	166	164	1
1407	201	167	1
980	140	133	1
973	139	177	2
1421	203	152	2
1806	258	132	1
1183	169	151	2
1239	177	176	1
1477	211	152	2
1351	193	154	2
1078	154	129	1
1071	153	165	1
1211	173	152	1
1337	191	248	2
1232	176	190	2
938	134	176	2
1652	236	187	1
1372	196	185	1
1316	188	113	2
1323	189	165	2
1043	149	149	2
1050	150	183	1
1197	171	138	1
1183	169	151	2
1687	241	150	1
882	126	140	2
1036	148	192	2
1274	182	160	2
903	129	192	1
1036	148	181	2
1211	173	135	2
938	134	133	1
1057	151	126	1
1393	199	153	2
1085	155	166	2
1421	203	152	1
1743	249	166	1
1050	150	151	2
1029	147	170	1
1337	191	180	1
1554	222	232	1
1225	175	162	1
1113	159	148	1
1057	151	123	1
1092	156	124	2
1904	272	167	1
1043	149	166	2
1652	236	189	1
1148	164	137	2
1043	149	246	1
1127	161	224	2
1400	200	162	1
1183	169	199	1
1029	147	150	1
1029	147	189	1
1029	147	160	1
1036	148	136	2
1078	154	197	1
1148	164	162	2
1043	149	152	2
966	138	210	1
1407	201	149	1
1036	148	146	2
1596	228	168	1
1099	157	214	2
1064	152	163	2
1057	151	241	2
1330	190	172	1
1323	189	178	1
1127	161	136	2
980	140	188	2
980	140	169	1
1253	179	118	1
1099	157	225	1
1099	157	132	2
1113	159	128	1
1071	153	167	2
1008	144	209	2
1225	175	142	2
1533	219	211	2
1169	167	133	2
1253	179	209	1
1666	238	195	2
1316	188	220	2
1113	159	154	2
1085	155	154	2
1106	158	174	1
1463	209	210	1
1246	178	179	2
1183	169	143	1
1099	157	146	1
1043	149	139	1
959	137	154	2
1778	254	170	2
1155	165	203	2
1120	160	209	2
1274	182	142	1
1323	189	167	1
1057	151	139	1
1162	166	151	1
1050	150	113	1
1617	231	155	2
1029	147	149	2
1050	150	159	2
1869	267	231	1
1820	260	159	2
1281	183	168	1
1008	144	162	2
1505	215	262	2
1351	193	153	1
1484	212	136	2
1526	218	148	2
973	139	141	2
1043	149	232	1
1148	164	190	2
1575	225	151	2
854	122	178	2
1596	228	191	1
1225	175	145	2
1295	185	148	1
1589	227	137	1
1540	220	153	2
1106	158	150	1
1316	188	132	1
1078	154	145	2
1610	230	178	2
1190	170	129	2
1085	155	163	2
959	137	138	2
875	125	182	2
931	133	154	2
1022	146	163	2
1358	194	144	1
1470	210	142	1
1155	165	159	1
1260	180	140	2
1071	153	220	2
1078	154	139	1
959	137	157	2
1022	146	152	2
1225	175	142	1
1043	149	139	1
889	127	161	2
1204	172	144	2
1085	155	186	1
1813	259	132	1
1274	182	169	1
784	112	130	1
1057	151	126	1
1183	169	132	1
994	142	172	2
1008	144	131	2
1239	177	263	2
1911	273	249	2
2422	346	202	2
1568	224	208	2
1925	275	178	1
2499	357	201	2
2170	310	227	2
2345	335	182	1
1694	242	253	2
1757	251	239	2
1974	282	198	1
1687	241	232	1
2191	313	185	1
1645	235	210	1
2590	370	216	2
1764	252	201	2
1778	254	228	2
1757	251	179	1
1750	250	196	1
1547	221	275	1
1743	249	174	2
1743	249	247	1
2366	338	216	2
1680	240	180	1
2121	303	235	2
2044	292	231	1
1764	252	207	1
2324	332	203	1
2429	347	262	2
1603	229	175	1
2219	317	201	2
2058	294	219	2
2023	289	266	2
2415	345	233	2
1652	236	244	2
1743	249	214	1
1785	255	212	2
1876	268	192	2
1582	226	200	1
1771	253	173	2
2079	297	207	1
2177	311	199	1
2303	329	222	2
1953	279	198	1
1603	229	243	1
1617	231	218	2
1771	253	254	1
1925	275	310	2
1673	239	207	2
2163	309	213	2
1645	235	228	2
1764	252	191	2
1694	242	194	1
2387	341	206	1
1904	272	200	2
2492	356	188	1
1848	264	245	2
1589	227	315	1
1582	226	213	2
1799	257	202	2
2184	312	209	1
1869	267	220	1
1820	260	170	2
1722	246	186	1
1750	250	211	1
1981	283	261	1
1764	252	226	1
2121	303	215	2
1750	250	181	2
2016	288	204	2
2149	307	252	1
1799	257	223	1
1652	236	180	1
1848	264	220	2
1750	250	181	2
1617	231	202	1
1890	270	273	2
2163	309	202	2
1736	248	253	2
1967	281	204	2
2156	308	211	1
1554	222	180	1
2051	293	212	1
1869	267	169	2
1792	256	164	1
2394	342	249	2
1820	260	214	1
1995	285	215	2
2156	308	225	1
1470	210	152	2
1687	241	170	1
1883	269	220	2
2646	378	199	1
1883	269	237	2
1841	263	233	2
1659	237	212	1
1820	260	197	2
1582	226	216	1
2450	350	232	1
1988	284	224	2
1778	254	239	1
1750	250	199	1
1848	264	235	1
1974	282	185	2
1925	275	203	2
1743	249	231	2
1743	249	197	2
1757	251	212	2
1848	264	276	2
2387	341	260	1
1960	280	202	1
1792	256	208	1
2142	306	208	2
1911	273	166	1
2002	286	202	2
1876	268	201	1
1897	271	219	2
2009	287	304	1
2086	298	221	1
1869	267	253	1
2198	314	223	2
1582	226	263	1
1491	213	233	2
1988	284	218	1
1890	270	230	1
2268	324	251	2
2527	361	201	1
1603	229	221	2
2002	286	219	1
1974	282	208	1
1610	230	229	2
1974	282	221	1
2156	308	192	1
1498	214	235	2
2646	378	248	2
1533	219	215	2
1729	247	230	1
2184	312	228	1
2009	287	297	2
1820	260	179	1
1855	265	200	2
1953	279	180	1
2499	357	246	1
1743	249	192	1
2128	304	249	2
1813	259	213	2
1785	255	198	1
1974	282	158	1
1631	233	204	2
1785	255	202	2
2184	312	276	2
1750	250	204	2
1876	268	208	2
1498	214	203	1
2177	311	194	2
1995	285	264	1
1498	214	151	2
1827	261	198	1
1834	262	266	1
1862	266	189	1
1722	246	193	1
1918	274	227	2
2331	333	195	1
2072	296	229	1
1715	245	214	1
2009	287	185	2
1456	208	181	2
1638	234	225	2
2037	291	186	2
2037	291	290	2
1946	278	213	1
1743	249	244	2
1806	258	246	1
2107	301	202	2
1911	273	226	2
1813	259	236	2
1904	272	205	2
2296	328	230	1
2296	328	208	1
2296	328	241	1
1904	272	217	2
1764	252	195	2
1736	248	169	2
1708	244	164	1
1967	281	259	2
2303	329	209	2
1638	234	226	1
1631	233	210	2
1939	277	246	1
1939	277	234	1
2345	335	238	1
1876	268	173	1
1666	238	205	2
2170	310	201	2
2226	318	193	2
1624	232	240	1
1750	250	194	1
2093	299	154	1
1750	250	217	1
2009	287	215	2
1883	269	158	1
1715	245	208	1
2415	345	243	1
1953	279	246	1
1771	253	256	1
1974	282	211	2
2002	286	184	1
1939	277	202	1
1680	240	234	1
1785	255	200	1
2352	336	222	2
1953	279	240	1
2149	307	254	1
2303	329	207	2
1729	247	229	1
1771	253	234	1
2422	346	208	1
1785	255	195	1
1757	251	220	2
2247	321	188	2
1876	268	192	2
2345	335	152	1
1554	222	296	1
1841	263	211	2
1960	280	206	1
1876	268	175	2
2086	298	180	2
1834	262	179	1
2443	349	202	2
1869	267	199	1
2100	300	235	1
1757	251	204	2
1911	273	208	2
2457	351	234	1
1729	247	266	2
1750	250	213	1
2079	297	185	2
1715	245	196	1
1764	252	182	1
1848	264	163	2
1764	252	228	1
1638	234	189	2
2499	357	301	2
1799	257	200	1
2359	337	210	1
1883	269	193	2
1456	208	192	1
2177	311	161	2
1841	263	214	2
1673	239	285	2
1925	275	258	1
2702	386	367	2
2303	329	341	2
2534	362	352	1
2590	370	362	2
2814	402	328	2
2436	348	366	1
2835	405	429	1
2695	385	333	2
2597	371	346	1
2499	357	356	2
2198	314	310	2
2597	371	378	2
3003	429	331	2
2443	349	329	2
2394	342	389	1
2324	332	390	2
3388	484	413	2
2401	343	400	1
2975	425	362	2
2905	415	338	2
2492	356	349	1
2611	373	350	1
2562	366	338	1
2632	376	394	1
2821	403	344	1
2492	356	387	2
2485	355	373	2
2961	423	352	2
2338	334	360	1
2464	352	358	2
2380	340	370	2
2415	345	406	2
2387	341	349	1
2737	391	324	2
2751	393	436	1
2793	399	348	2
2443	349	364	2
2884	412	341	2
2555	365	369	1
2562	366	351	2
2513	359	377	2
2352	336	324	1
2457	351	338	1
2709	387	354	1
2450	350	346	2
2562	366	379	2
2821	403	374	1
2548	364	419	1
2415	345	389	2
2499	357	421	1
2254	322	417	2
2562	366	351	2
2968	424	371	1
2520	360	374	2
2303	329	406	2
2450	350	367	1
2450	350	344	2
2506	358	406	1
2758	394	357	1
2394	342	383	1
2688	384	337	2
3136	448	352	1
2667	381	353	2
2401	343	371	1
2625	375	344	2
2527	361	388	1
2345	335	381	2
2891	413	403	1
2548	364	354	2
2261	323	350	2
2380	340	396	2
2863	409	372	2
2513	359	332	1
2331	333	361	1
2989	427	388	2
2366	338	341	2
2520	360	351	1
2968	424	402	1
2583	369	366	2
2702	386	338	1
2597	371	422	2
3080	440	381	2
2604	372	389	2
2863	409	366	1
3164	452	380	2
2436	348	320	1
2786	398	353	2
2618	374	369	2
2464	352	369	1
2436	348	331	2
2457	351	335	2
3185	455	363	2
2996	428	304	1
2541	363	388	2
2828	404	345	2
2835	405	358	2
3010	430	388	1
2366	338	353	1
2373	339	342	1
2331	333	379	1
2877	411	351	2
2471	353	341	2
2842	406	333	1
2541	363	352	1
2282	326	420	1
2471	353	363	2
3010	430	326	1
2534	362	372	2
2387	341	345	2
2541	363	459	2
2842	406	379	2
2611	373	372	2
2576	368	380	2
2688	384	410	2
2674	382	353	2
2821	403	340	1
2576	368	320	1
2296	328	365	1
2499	357	361	2
2527	361	373	2
2366	338	412	2
2597	371	353	2
2744	392	356	2
2184	312	382	1
2471	353	360	1
2737	391	362	2
2387	341	328	1
2422	346	391	2
2660	380	368	2
3255	465	330	2
2709	387	370	2
2702	386	357	2
2674	382	318	1
2520	360	382	2
2422	346	411	1
2639	377	311	2
2303	329	387	1
2660	380	344	1
2982	426	437	2
2464	352	348	1
2394	342	371	1
2457	351	381	1
2681	383	348	2
2541	363	341	2
2597	371	357	1
2415	345	354	2
2765	395	364	2
2415	345	409	2
2107	301	430	2
2961	423	380	1
3052	436	351	2
3101	443	351	2
2443	349	359	1
2429	347	417	2
2562	366	332	2
2492	356	350	2
2464	352	347	2
2884	412	389	2
2996	428	405	1
2450	350	376	1
2555	365	334	2
2471	353	395	2
2667	381	306	1
2457	351	360	1
2282	326	313	1
2597	371	360	1
2751	393	310	1
2555	365	349	1
3024	432	370	2
2576	368	325	1
2464	352	349	2
2723	389	338	2
2926	418	364	2
2548	364	344	2
2534	362	388	1
2478	354	302	2
2639	377	317	1
3115	445	442	2
2597	371	353	1
2807	401	356	2
2534	362	352	1
2380	340	374	2
2450	350	370	1
2359	337	327	2
2429	347	351	2
3143	449	358	1
2555	365	354	2
3094	442	350	1
2478	354	360	2
2583	369	373	1
2632	376	336	1
3402	486	363	2
2611	373	356	2
2702	386	393	1
2842	406	323	1
2702	386	403	2
2898	414	346	1
2793	399	348	2
2457	351	345	1
2450	350	352	1
2450	350	347	1
2947	421	376	1
2989	427	373	1
2576	368	358	1
2212	316	326	2
2345	335	348	2
2422	346	366	1
2562	366	335	2
3031	433	346	2
2828	404	389	1
2632	376	365	2
2485	355	427	2
2499	357	378	1
2688	384	344	1
2541	363	329	1
2450	350	374	1
2394	342	351	2
3143	449	359	2
2324	332	316	2
2506	358	362	2
3017	431	377	2
2457	351	380	2
2807	401	380	2
2814	402	323	1
3003	429	354	1
2492	356	357	2
2275	325	350	2
2380	340	327	1
2478	354	343	1
2436	348	358	2
2863	409	403	2
2527	361	346	2
2513	359	343	1
2534	362	351	1
2443	349	357	1
2387	341	328	1
2429	347	365	1
2450	350	329	1
2422	346	351	1
2380	340	379	1
2695	385	374	1
2394	342	417	2
2450	350	391	1
2457	351	347	2
2863	409	347	2
2457	351	375	1
2471	353	421	1
2849	407	351	2
3199	457	302	2
2548	364	351	2
