 0 0 0 0 0 0 0
 0 0 0 0 0 0 0
 0 0 0 0 0 0 0
 0 0 3 -1 0 -7 0
 8 -5 -2 -29 13 -4 0
 8 -34 8 -6 9 -39 0
 14 -10 17 -38 14 -1 0
 13 -15 -3 -2 5 3 0
 -2 -2 -2 3 2 -3 0
 2 0 2 0 -1 -1 0
 0 -1 0 3 -2 3 0
 -1 0 -1 6 1 1 0
 2 -1 1 0 3 -4 0
 0 -3 0 -3 1 -1 0
 1 3 5 6 -6 -10 0
 -2 -12 5 8 6 12 0
 4 -6 -3 -6 -3 6 0
 3 5 1 -2 0 3 0
 3 0 -5 0 -4 0 0
 -3 -1 0 2 2 -2 0
 -3 -1 1 -7 -6 -2 0
 -4 -4 1 0 1 -3 0
 3 1 2 0 0 4 0
 -2 2 1 1 -1 2 0
 2 0 -1 1 -4 1 0
 0 -1 -1 1 4 -1 0
 -1 0 0 2 -6 -2 0
 1 1 -1 3 2 -1 0
 2 0 4 3 0 1 0
 -5 0 2 2 2 2 0
 3 0 1 -1 -1 4 0
 1 -2 0 -2 0 4 0
 -5 -2 4 -1 -1 -2 0
 -4 -2 2 -2 2 -5 0
 -1 -2 1 -3 0 1 0
 -1 -1 -1 0 0 0 0
 3 3 -1 -1 -3 -4 0
 -2 4 2 1 -3 -2 0
 0 1 1 1 0 -1 0
 0 -2 -3 -4 -1 2 0
 4 2 -2 0 1 0 0
 -1 -1 -3 2 0 -4 0
 -2 -4 -2 -3 1 0 0
 -4 0 3 -4 -5 -2 0
 3 -1 -1 -3 3 -1 0
 -4 -2 2 3 -2 3 0
 2 1 3 0 -2 0 0
 -3 1 -2 2 -2 1 0
 -3 -2 1 1 3 5 0
 -2 -3 2 -1 3 1 0
 0 2 -2 -4 0 -3 0
 1 3 3 0 -2 1 0
 1 2 1 3 -3 -1 0
 0 7 -1 -1 -2 -3 0
 -1 3 -4 3 -1 -1 0
 -5 0 -1 -4 0 1 0
 0 -1 -3 1 -1 0 0
 4 -1 -1 -2 0 0 0
 1 -1 6 -3 -1 1 0
 1 2 -3 0 1 -1 0
 1 -2 -1 -1 -4 1 0
 -1 1 0 -5 -2 -2 0
 -3 4 -1 -3 -2 -1 0
 -3 -1 -2 3 -4 -2 0
 -2 1 0 0 0 0 0
 -1 1 -1 0 2 -3 0
 0 3 -6 -3 1 3 0
 -1 3 1 1 -3 0 0
 2 3 2 1 1 -1 0
 -2 4 2 -1 3 -2 0
 0 -2 0 -3 5 2 0
 1 -6 3 5 2 -2 0
 2 2 6 -1 2 2 0
 0 0 -5 2 1 -3 0
 -1 -1 -4 -1 1 0 0
 5 0 4 0 -3 1 0
 2 -4 -1 -2 2 1 0
 2 -1 -3 -2 2 2 0
 2 -1 -2 0 3 3 0
 0 -3 -4 3 -1 2 0
 -2 -1 -3 3 4 1 0
 0 1 1 1 -4 3 0
 -1 -1 -2 0 0 3 0
 2 -1 0 3 3 -1 0
 -3 1 1 -2 2 2 0
 0 -3 0 2 -5 3 0
 8 3 2 -1 -1 -1 0
 1 1 -1 2 -1 0 0
 2 -2 1 3 2 0 0
 0 0 1 3 -3 -2 0
 0 1 -1 -1 2 0 0
 5 2 -4 1 7 -3 0
 -3 2 2 1 1 -1 0
 2 -1 -1 1 0 1 0
 3 -1 -1 -2 5 -1 0
 -2 -4 7 -1 -3 -2 0
 0 0 1 -2 3 -1 0
 0 1 -2 0 2 -1 0
 -3 -1 -1 1 -1 1 0
 0 0 4 1 -2 1 0
 6 2 1 -2 -7 3 0
 -1 -3 3 1 -2 -2 0
 1 0 5 -1 3 0 0
 -1 -3 -4 1 0 -1 0
 -5 -1 -5 0 2 4 0
 0 -3 1 1 0 -2 0
 7 -5 -1 1 2 -3 0
 0 -5 2 2 0 -2 0
 5 1 3 -1 4 1 0
 1 0 3 -4 2 2 0
 1 -3 1 0 0 -1 0
 0 1 2 -2 -2 3 0
 1 1 3 -1 -2 -2 0
 1 2 0 -1 0 -1 0
 1 1 0 -1 0 2 0
 -2 -3 1 7 0 -1 0
 2 1 -1 2 0 2 0
 2 2 2 -2 0 7 0
 6 -2 3 -1 1 1 0
 4 -1 -1 -1 1 0 0
 1 0 -2 2 5 -2 0
 -4 1 2 3 1 5 0
 3 -3 0 7 -2 -3 0
 2 4 0 -3 0 -2 0
 -5 -2 1 1 -3 -1 0
 -4 -4 0 2 -3 0 0
 0 -1 5 -3 -3 2 0
 1 0 1 -1 0 1 0
 2 -3 1 3 2 -2 0
 1 0 8 -3 0 -4 0
 -1 1 2 -1 0 3 0
 1 1 1 1 3 2 0
 1 0 1 2 -3 0 0
 0 2 2 0 0 3 0
 1 2 1 3 1 2 0
 0 4 -1 -2 2 1 0
 -4 1 2 -1 1 1 0
 -1 2 0 -4 3 -4 0
 -2 -2 -3 -2 1 0 0
 1 -2 2 1 0 -2 0
 -1 2 -2 1 2 4 0
 -2 -3 3 -1 0 2 0
 5 1 -1 -3 3 1 0
 -1 -5 -1 0 -1 -1 0
 -1 4 -2 -1 3 3 0
 2 2 4 1 -1 -2 0
 3 -1 2 -3 3 3 0
 3 -5 1 1 6 -3 0
 1 1 -2 -2 2 -4 0
 0 3 -3 -2 -1 1 0
 2 0 -1 0 2 -1 0
 -1 -3 1 1 0 0 0
 0 3 -2 -2 2 4 0
 -3 0 3 2 -4 2 0
 5 0 0 0 -3 -2 0
 5 4 -2 0 2 -2 0
 -4 1 1 2 -3 1 0
 2 0 -4 1 1 4 0
 0 2 -1 -2 4 1 0
 2 -2 2 2 -1 -3 0
 3 2 1 5 -5 4 0
 2 -2 3 4 -1 0 0
 1 -5 3 1 -1 3 0
 -1 -3 0 -1 -3 3 0
 2 2 -2 1 2 0 0
 1 1 1 2 0 1 0
 -1 2 3 -3 0 2 0
 1 1 1 2 4 -6 0
 -1 4 2 -2 -2 4 0
 2 0 -1 5 1 -3 0
 0 -1 1 1 2 2 0
 3 2 -4 -2 0 4 0
 -3 -3 2 -2 -3 -3 0
 4 2 -1 -2 2 1 0
 1 2 1 -2 4 2 0
 -2 0 1 -2 2 0 0
 -2 -1 -1 1 3 1 0
 0 0 -1 -7 1 1 0
 -2 -3 -3 -5 -1 0 0
 0 1 -2 -5 0 0 0
 0 0 0 0 0 0 1
 0 0 0 0 0 0 1
 0 0 0 0 0 0 1
 0 0 0 0 11 -5 1
 -3 -13 40 -27 -14 -47 1
 45 -32 -16 -44 47 -22 1
 -14 -52 53 -27 -10 -52 1
 32 -15 2 -32 0 0 1
 0 -2 0 1 1 1 1
 1 -2 2 0 2 -2 1
 0 -1 5 -2 -3 1 1
 -3 1 1 1 -2 0 1
 -1 -1 -1 -4 -5 0 1
 0 2 -4 -1 -2 3 1
 -3 2 0 6 -1 6 1
 -8 -13 -8 -13 5 17 1
 5 20 -1 -20 2 -1 1
 6 11 -3 -10 0 2 1
 -2 7 0 -4 -6 -2 1
 0 6 -1 5 -1 -3 1
 2 -2 -1 6 -3 -2 1
 1 -3 0 2 1 0 1
 2 -6 -2 1 4 -6 1
 1 12 -1 4 0 -14 1
 1 6 1 8 2 -9 1
 4 -3 -4 9 3 -5 1
 -2 -9 1 6 -2 2 1
 0 0 3 -8 3 12 1
 -2 6 -1 -8 -4 5 1
 2 -2 1 -3 -2 4 1
 1 -5 -2 3 0 8 1
 0 -10 -3 -10 2 15 1
 1 3 2 -14 3 6 1
 -2 10 2 -11 -2 -2 1
 -1 15 -2 -3 1 -12 1
 -1 11 -2 8 3 -8 1
 -3 3 3 6 -4 6 1
 7 -7 -1 -3 1 13 1
 2 2 0 -14 1 2 1
 1 14 0 -9 4 -9 1
 2 9 4 10 1 -20 1
 0 3 -1 14 -1 -10 1
 -6 -14 -3 11 -4 5 1
 0 -6 -4 -5 3 8 1
 0 1 3 -9 -2 -5 1
 -1 6 2 3 0 -2 1
 1 1 -2 -3 1 1 1
 -6 3 -3 -4 0 -5 1
 -1 7 -2 0 0 -2 1
 -3 -3 -1 -2 0 7 1
 -2 7 -2 -13 1 -3 1
 -1 17 -1 -3 -4 -9 1
 -1 7 -3 7 0 -6 1
 -3 2 1 7 3 7 1
 -1 3 -4 -1 -1 1 1
 0 11 -4 -1 -2 -1 1
 2 8 -1 -5 0 -4 1
 1 7 0 -8 -2 -4 1
 0 6 -1 1 -2 -12 1
 -1 1 -3 16 2 -4 1
 -5 -13 2 10 0 14 1
 4 -14 0 -6 1 18 1
 0 4 -3 -10 -2 2 1
 -3 5 0 0 -2 -5 1
 0 -9 3 3 2 5 1
 -1 -8 2 -13 -3 7 1
 0 8 -3 -11 2 -10 1
 -3 15 1 8 1 -16 1
 0 -3 3 18 3 1 1
 -1 -20 3 4 3 15 1
 4 -11 -1 -14 0 13 1
 -2 5 -1 -15 -3 -2 1
 0 13 0 3 2 -6 1
 1 -2 2 0 -1 6 1
 2 -2 0 -11 0 6 1
 1 3 1 -8 1 4 1
 3 4 -3 -9 1 1 1
 -1 8 -3 -8 1 -7 1
 -2 14 -1 3 1 -18 1
 3 -2 3 13 -5 0 1
 2 -5 1 -2 0 3 1
 -1 8 3 4 3 -9 1
 2 2 0 9 0 0 1
 1 3 0 7 -1 -8 1
 1 -3 -3 9 -1 3 1
 -1 -16 -1 2 2 11 1
 -3 -9 1 -10 -2 7 1
 -5 12 1 -10 -5 -10 1
 -2 17 1 5 -2 -14 1
 4 -1 -1 11 1 -1 1
 -6 -9 3 -2 4 -2 1
 -3 10 -2 4 5 -8 1
 0 -6 0 14 0 10 1
 2 -13 -4 -3 6 13 1
 4 3 -4 -18 4 2 1
 3 19 -4 -1 0 -15 1
 1 4 5 10 2 -9 1
 0 -2 1 -1 -2 6 1
 -2 1 -3 -4 1 -9 1
 0 7 0 8 2 -5 1
 -4 5 2 0 3 -6 1
 -2 4 -2 6 6 -5 1
 3 -2 -2 0 -2 -3 1
 -2 5 -2 9 -1 -12 1
 -5 -9 -1 18 0 -1 1
 3 -15 1 -3 3 13 1
 4 -5 -3 -4 4 1 1
 -2 2 4 -1 -1 3 1
 1 -4 2 -1 -1 7 1
 -1 -3 1 -3 1 4 1
 0 1 4 -9 -1 6 1
 2 4 0 -12 -4 -1 1
 -4 17 -1 -1 -2 -13 1
 -4 0 0 16 0 -6 1
 -2 -19 1 4 3 18 1
 1 -10 0 -14 4 8 1
 0 9 -1 -6 -2 -4 1
 -2 -3 -1 1 -2 7 1
 -2 -1 -3 -12 3 4 1
 -1 9 2 0 -1 -17 1
 2 2 0 14 2 -6 1
 2 -14 4 5 -1 13 1
 0 -4 -1 -15 -3 7 1
 3 7 -1 -7 3 -6 1
 -2 5 3 6 -2 -1 1
 -3 0 1 0 1 5 1
 1 -2 1 -4 1 4 1
 0 -9 2 -4 -1 -1 1
 -1 5 0 -3 5 0 1
 -2 0 6 -2 -2 1 1
 4 3 0 -10 1 -6 1
 2 12 0 1 6 -14 1
 -1 -4 1 12 -2 -6 1
 -3 0 2 2 -3 3 1
 3 -1 -2 4 -1 -5 1
 2 -3 -2 5 4 -7 1
 0 -6 0 5 2 0 1
 1 -6 0 8 -1 9 1
 0 -8 -3 -5 1 16 1
 -2 2 -1 -17 -1 -2 1
 2 18 2 -1 -4 -17 1
 0 4 5 19 -2 -10 1
 2 -13 3 5 0 8 1
 2 -4 0 -1 -2 0 1
 3 4 -4 5 -1 3 1
 -3 -14 0 -4 -5 6 1
 -4 -1 0 -15 0 -4 1
 -2 19 5 0 1 -16 1
 -1 2 4 15 0 -4 1
 2 -15 -1 5 5 9 1
 -2 -6 -1 -3 -2 5 1
 2 2 0 3 1 -3 1
 -2 -3 -1 5 0 2 1
 0 -7 -2 2 1 -2 1
 1 -10 -3 1 -1 0 1
 1 -4 1 -3 -3 1 1
 -1 -8 -2 3 -1 7 1
 -7 -15 -3 -10 1 10 1
 -1 2 0 -16 -2 -4 1
 2 12 -2 -1 2 -10 1
 -1 3 0 4 -1 0 1
 1 1 -1 -2 0 -2 1
 1 7 2 -6 -1 -2 1
 -1 7 4 -2 -1 -2 1
 -4 5 -1 6 -3 -11 1
 2 2 -1 12 0 0 1
 2 -12 -1 -2 0 16 1
 -4 -4 0 -17 0 5 1
 -1 20 5 -8 0 -13 1
 4 10 4 11 0 -5 1
 -1 -3 -1 -6 -1 3 1
 -3 4 -1 -3 1 -12 1
 -2 6 1 6 -2 -7 1
 -1 -13 1 5 -5 10 1
 2 -9 -4 -14 -1 6 1
